PHP 5

Array: 0.57499806880951
MapClosure: 0.59327731132507
MapNamed: 0.69694859981537
MapClosureI: 0.73265469074249
ArrayI: 0.60068697929382

PHP 7

Array: 0.11297199726105
MapClosure: 0.16404168605804
MapNamed: 0.11067249774933
MapClosureI: 0.19481580257416
ArrayI: 0.10989861488342

HHVM

Array: 0.090071058273315
MapClosure: 0.10432276725769
MapNamed: 0.1091267824173
MapClosureI: 0.11197068691254
ArrayI: 0.092114186286926
